3085 234
3022 212
2960 190
2900 168
2842 147
2785 126
2730 106
2677 86
2625 67
2574 49
2525 31
2478 14
2431 -2
2387 -16
2343 -31
2300 -44
2259 -55
2219 -66
2179 -76
2141 -84
2103 -92
2066 -97
2029 -102
1992 -105
1956 -107
1920 -108
1884 -107
1848 -105
1811 -102
1774 -97
1737 -92
1699 -84
1661 -76
1621 -66
1581 -55
1540 -44
1497 -31
1453 -16
1409 -2
1362 14
1315 31
1266 49
1215 67
1163 86
1110 106
1055 126
998 147
940 168
880 190
818 212
755 234
3062 159
2999 137
2938 114
2879 93
2821 71
2765 50
2710 30
2657 10
2606 -9
2556 -28
2508 -45
2461 -62
2416 -79
2372 -94
2329 -108
2288 -121
2248 -133
2208 -144
2170 -154
2133 -163
2096 -170
2060 -176
2025 -181
1990 -184
1955 -186
1920 -187
1885 -186
1850 -184
1815 -181
1780 -176
1744 -170
1707 -163
1670 -154
1632 -144
1592 -133
1552 -121
1511 -108
1468 -94
1424 -79
1379 -62
1332 -45
1284 -28
1234 -9
1183 10
1130 30
1075 50
1019 71
961 93
902 114
841 137
778 159
3039 86
2977 63
2916 41
2857 19
2800 -3
2744 -24
2690 -44
2638 -64
2587 -84
2538 -102
2490 -120
2445 -137
2400 -154
2357 -169
2316 -183
2275 -197
2236 -209
2198 -220
2161 -230
2125 -239
2089 -246
2055 -252
2021 -257
1987 -260
1953 -263
1920 -263
1887 -263
1853 -260
1819 -257
1785 -252
1751 -246
1715 -239
1679 -230
1642 -220
1604 -209
1565 -197
1524 -183
1483 -169
1440 -154
1395 -137
1350 -120
1302 -102
1253 -84
1202 -64
1150 -44
1096 -24
1040 -3
983 19
924 41
863 63
801 86
3017 14
2954 -8
2894 -31
2835 -53
2778 -74
2723 -96
2670 -116
2618 -136
2568 -156
2519 -175
2473 -193
2428 -210
2384 -227
2342 -242
2302 -257
2262 -270
2224 -283
2187 -294
2152 -304
2117 -313
2083 -320
2049 -326
2016 -331
1984 -335
1952 -337
1920 -338
1888 -337
1856 -335
1824 -331
1791 -326
1757 -320
1723 -313
1688 -304
1653 -294
1616 -283
1578 -270
1538 -257
1498 -242
1456 -227
1412 -210
1367 -193
1321 -175
1272 -156
1222 -136
1170 -116
1117 -96
1062 -74
1005 -53
946 -31
886 -8
823 14
2994 -56
2932 -78
2872 -101
2813 -123
2757 -144
2702 -166
2649 -186
2598 -207
2548 -226
2501 -245
2455 -264
2411 -281
2368 -298
2327 -313
2287 -328
2249 -342
2212 -354
2177 -366
2142 -376
2109 -385
2076 -392
2044 -399
2012 -403
1981 -407
1951 -409
1920 -410
1889 -409
1859 -407
1828 -403
1796 -399
1764 -392
1732 -385
1698 -376
1663 -366
1628 -354
1591 -342
1553 -328
1513 -313
1472 -298
1429 -281
1385 -264
1339 -245
1292 -226
1242 -207
1191 -186
1138 -166
1083 -144
1027 -123
968 -101
908 -78
846 -56
2971 -124
2909 -146
2850 -169
2791 -191
2735 -212
2681 -234
2628 -255
2578 -275
2529 -295
2482 -314
2437 -332
2394 -350
2352 -366
2312 -382
2273 -397
2236 -411
2200 -423
2166 -435
2133 -445
2100 -454
2069 -462
2038 -468
2008 -473
1978 -477
1949 -479
1920 -480
1891 -479
1862 -477
1832 -473
1802 -468
1771 -462
1740 -454
1707 -445
1674 -435
1640 -423
1604 -411
1567 -397
1528 -382
1488 -366
1446 -350
1403 -332
1358 -314
1311 -295
1262 -275
1212 -255
1159 -234
1105 -212
1049 -191
990 -169
931 -146
869 -124
2949 -190
2887 -212
2827 -235
2770 -257
2714 -278
2660 -300
2608 -321
2558 -341
2510 -361
2463 -380
2419 -398
2376 -416
2336 -433
2296 -449
2259 -464
2223 -478
2188 -490
2155 -502
2123 -512
2092 -521
2062 -529
2032 -536
2004 -541
1976 -544
1948 -546
1920 -547
1892 -546
1864 -544
1836 -541
1808 -536
1778 -529
1748 -521
1717 -512
1685 -502
1652 -490
1617 -478
1581 -464
1544 -449
1504 -433
1464 -416
1421 -398
1377 -380
1330 -361
1282 -341
1232 -321
1180 -300
1126 -278
1070 -257
1013 -235
953 -212
891 -190
2926 -254
2865 -276
2805 -299
2748 -321
2692 -342
2639 -364
2587 -385
2538 -405
2490 -425
2445 -444
2401 -462
2359 -480
2319 -497
2281 -513
2244 -528
2209 -542
2176 -555
2144 -566
2113 -577
2083 -586
2055 -594
2027 -600
1999 -605
1973 -609
1946 -611
1920 -612
1894 -611
1867 -609
1841 -605
1813 -600
1785 -594
1757 -586
1727 -577
1696 -566
1664 -555
1631 -542
1596 -528
1559 -513
1521 -497
1481 -480
1439 -462
1395 -444
1350 -425
1302 -405
1253 -385
1201 -364
1148 -342
1092 -321
1035 -299
975 -276
914 -254
2903 -316
2842 -339
2783 -361
2726 -383
2671 -404
2618 -425
2567 -446
2518 -467
2471 -486
2426 -506
2383 -524
2342 -542
2303 -559
2265 -575
2230 -590
2196 -604
2164 -617
2133 -628
2103 -639
2075 -648
2047 -656
2021 -662
1995 -668
1970 -671
1945 -673
1920 -674
1895 -673
1870 -671
1845 -668
1819 -662
1793 -656
1765 -648
1737 -639
1707 -628
1676 -617
1644 -604
1610 -590
1575 -575
1537 -559
1498 -542
1457 -524
1414 -506
1369 -486
1322 -467
1273 -446
1222 -425
1169 -404
1114 -383
1057 -361
998 -339
937 -316
2881 -377
2820 -399
2761 -421
2704 -442
2649 -464
2597 -485
2546 -506
2498 -526
2451 -546
2407 -565
2365 -583
2324 -601
2286 -618
2250 -634
2215 -649
2183 -663
2151 -676
2122 -688
2093 -698
2066 -707
2040 -715
2015 -722
1991 -727
1967 -731
1943 -733
1920 -734
1897 -733
1873 -731
1849 -727
1825 -722
1800 -715
1774 -707
1747 -698
1718 -688
1689 -676
1657 -663
1625 -649
1590 -634
1554 -618
1516 -601
1475 -583
1433 -565
1389 -546
1342 -526
1294 -506
1243 -485
1191 -464
1136 -442
1079 -421
1020 -399
959 -377
2859 -435
2798 -457
2739 -478
2683 -500
2628 -521
2576 -542
2526 -563
2478 -583
2432 -603
2388 -622
2347 -640
2307 -658
2270 -675
2234 -691
2201 -706
2169 -720
2139 -732
2110 -744
2083 -755
2058 -764
2033 -772
2009 -778
1986 -784
1964 -787
1942 -790
1920 -790
1898 -790
1876 -787
1854 -784
1831 -778
1807 -772
1782 -764
1757 -755
1730 -744
1701 -732
1671 -720
1639 -706
1606 -691
1570 -675
1533 -658
1493 -640
1452 -622
1408 -603
1362 -583
1314 -563
1264 -542
1212 -521
1157 -500
1101 -478
1042 -457
981 -435
2837 -491
2776 -513
2718 -534
2661 -556
2607 -577
2555 -597
2505 -618
2458 -638
2413 -657
2369 -676
2329 -694
2290 -712
2253 -729
2219 -744
2186 -759
2156 -773
2127 -786
2099 -798
2074 -808
2049 -818
2026 -826
2003 -832
1982 -837
1961 -841
1940 -843
1920 -844
1900 -843
1879 -841
1858 -837
1837 -832
1814 -826
1791 -818
1766 -808
1741 -798
1713 -786
1684 -773
1654 -759
1621 -744
1587 -729
1550 -712
1511 -694
1471 -676
1427 -657
1382 -638
1335 -618
1285 -597
1233 -577
1179 -556
1122 -534
1064 -513
1003 -491
2816 -545
2755 -567
2697 -588
2640 -609
2586 -630
2535 -650
2485 -670
2438 -690
2393 -709
2351 -728
2311 -746
2273 -763
2237 -780
2203 -796
2172 -811
2142 -824
2114 -837
2088 -849
2064 -859
2040 -868
2018 -876
1998 -883
1977 -888
1958 -892
1939 -894
1920 -894
1901 -894
1882 -892
1863 -888
1842 -883
1822 -876
1800 -868
1776 -859
1752 -849
1726 -837
1698 -824
1668 -811
1637 -796
1603 -780
1567 -763
1529 -746
1489 -728
1447 -709
1402 -690
1355 -670
1305 -650
1254 -630
1200 -609
1143 -588
1085 -567
1024 -545
2795 -598
2734 -619
2676 -639
2620 -660
2566 -680
2514 -700
2465 -720
2419 -740
2375 -759
2333 -777
2293 -795
2256 -812
2221 -828
2188 -844
2158 -859
2129 -872
2102 -885
2077 -897
2054 -907
2032 -916
2011 -924
1992 -930
1973 -935
1955 -939
1937 -941
1920 -942
1903 -941
1885 -939
1867 -935
1848 -930
1829 -924
1808 -916
1786 -907
1763 -897
1738 -885
1711 -872
1682 -859
1652 -844
1619 -828
1584 -812
1547 -795
1507 -777
1465 -759
1421 -740
1375 -720
1326 -700
1274 -680
1220 -660
1164 -639
1106 -619
1045 -598
2774 -648
2714 -668
2655 -689
2599 -709
2546 -729
2495 -748
2446 -768
2400 -787
2356 -806
2315 -824
2276 -841
2239 -858
2205 -874
2173 -890
2143 -904
2116 -918
2090 -930
2066 -941
2044 -952
2024 -961
2004 -968
1986 -975
1969 -980
1952 -983
1936 -985
1920 -986
1904 -985
1888 -983
1871 -980
1854 -975
1836 -968
1816 -961
1796 -952
1774 -941
1750 -930
1724 -918
1697 -904
1667 -890
1635 -874
1601 -858
1564 -841
1525 -824
1484 -806
1440 -787
1394 -768
1345 -748
1294 -729
1241 -709
1185 -689
1126 -668
1066 -648
2754 -696
2693 -716
2635 -736
2580 -755
2526 -775
2475 -794
2427 -813
2381 -832
2338 -850
2297 -868
2259 -885
2223 -901
2189 -917
2158 -932
2130 -947
2103 -960
2078 -972
2056 -983
2035 -993
2015 -1002
1997 -1010
1980 -1016
1964 -1021
1949 -1024
1934 -1026
1920 -1027
1906 -1026
1891 -1024
1876 -1021
1860 -1016
1843 -1010
1825 -1002
1805 -993
1784 -983
1762 -972
1737 -960
1710 -947
1682 -932
1651 -917
1617 -901
1581 -885
1543 -868
1502 -850
1459 -832
1413 -813
1365 -794
1314 -775
1260 -755
1205 -736
1147 -716
1086 -696
2734 -742
2674 -762
2616 -781
2560 -800
2507 -819
2456 -837
2408 -856
2363 -874
2320 -892
2280 -909
2242 -926
2207 -942
2174 -957
2144 -972
2116 -986
2090 -999
2067 -1011
2045 -1022
2025 -1032
2007 -1040
1990 -1048
1975 -1054
1960 -1059
1946 -1062
1933 -1064
1920 -1065
1907 -1064
1894 -1062
1880 -1059
1865 -1054
1850 -1048
1833 -1040
1815 -1032
1795 -1022
1773 -1011
1750 -999
1724 -986
1696 -972
1666 -957
1633 -942
1598 -926
1560 -909
1520 -892
1477 -874
1432 -856
1384 -837
1333 -819
1280 -800
1224 -781
1166 -762
1106 -742
2716 -787
2655 -805
2597 -824
2542 -842
2489 -860
2438 -878
2390 -896
2345 -914
2303 -931
2263 -948
2226 -964
2191 -980
2159 -995
2130 -1009
2103 -1022
2078 -1035
2055 -1047
2035 -1057
2016 -1067
1999 -1075
1984 -1082
1969 -1088
1956 -1093
1944 -1096
1932 -1098
1920 -1099
1908 -1098
1896 -1096
1884 -1093
1871 -1088
1856 -1082
1841 -1075
1824 -1067
1805 -1057
1785 -1047
1762 -1035
1737 -1022
1710 -1009
1681 -995
1649 -980
1614 -964
1577 -948
1537 -931
1495 -914
1450 -896
1402 -878
1351 -860
1298 -842
1243 -824
1185 -805
1124 -787
2698 -829
2637 -847
2579 -865
2524 -882
2471 -900
2421 -917
2373 -934
2328 -951
2286 -968
2247 -984
2210 -1000
2176 -1015
2145 -1029
2116 -1043
2090 -1056
2066 -1068
2045 -1079
2025 -1090
2007 -1099
1992 -1107
1977 -1114
1964 -1120
1952 -1124
1941 -1127
1930 -1129
1920 -1130
1910 -1129
1899 -1127
1888 -1124
1876 -1120
1863 -1114
1848 -1107
1833 -1099
1815 -1090
1795 -1079
1774 -1068
1750 -1056
1724 -1043
1695 -1029
1664 -1015
1630 -1000
1593 -984
1554 -968
1512 -951
1467 -934
1419 -917
1369 -900
1316 -882
1261 -865
1203 -847
1142 -829
2680 -869
2620 -886
2562 -903
2506 -920
2454 -937
2404 -954
2356 -970
2312 -986
2270 -1002
2231 -1017
2195 -1032
2162 -1047
2131 -1061
2103 -1074
2078 -1087
2055 -1098
2034 -1109
2015 -1119
1999 -1128
1984 -1135
1971 -1142
1959 -1148
1948 -1152
1939 -1155
1929 -1157
1920 -1157
1911 -1157
1901 -1155
1892 -1152
1881 -1148
1869 -1142
1856 -1135
1841 -1128
1825 -1119
1806 -1109
1785 -1098
1762 -1087
1737 -1074
1709 -1061
1678 -1047
1645 -1032
1609 -1017
1570 -1002
1528 -986
1484 -970
1436 -954
1386 -937
1334 -920
1278 -903
1220 -886
1160 -869
2664 -908
2603 -924
2545 -940
2490 -956
2437 -972
2387 -988
2340 -1003
2296 -1019
2255 -1034
2216 -1049
2181 -1063
2148 -1077
2118 -1090
2090 -1102
2066 -1114
2044 -1125
2024 -1136
2006 -1145
1991 -1153
1977 -1161
1965 -1167
1954 -1172
1945 -1176
1936 -1179
1928 -1181
1920 -1182
1912 -1181
1904 -1179
1895 -1176
1886 -1172
1875 -1167
1863 -1161
1849 -1153
1834 -1145
1816 -1136
1796 -1125
1774 -1114
1750 -1102
1722 -1090
1692 -1077
1659 -1063
1624 -1049
1585 -1034
1544 -1019
1500 -1003
1453 -988
1403 -972
1350 -956
1295 -940
1237 -924
1176 -908
2648 -945
2588 -960
2530 -975
2475 -990
2422 -1005
2372 -1020
2325 -1035
2281 -1049
2240 -1063
2202 -1077
2167 -1091
2135 -1104
2105 -1116
2079 -1128
2055 -1139
2033 -1150
2014 -1159
1998 -1168
1983 -1176
1971 -1183
1960 -1189
1950 -1194
1941 -1198
1934 -1201
1927 -1202
1920 -1203
1913 -1202
1906 -1201
1899 -1198
1890 -1194
1880 -1189
1869 -1183
1857 -1176
1842 -1168
1826 -1159
1807 -1150
1785 -1139
1761 -1128
1735 -1116
1705 -1104
1673 -1091
1638 -1077
1600 -1063
1559 -1049
1515 -1035
1468 -1020
1418 -1005
1365 -990
1310 -975
1252 -960
1192 -945
2634 -980
2573 -994
2515 -1008
2460 -1022
2408 -1036
2358 -1050
2311 -1064
2267 -1077
2227 -1091
2189 -1104
2154 -1116
2122 -1128
2093 -1140
2067 -1151
2044 -1162
2024 -1171
2005 -1180
1990 -1189
1976 -1196
1964 -1203
1954 -1208
1946 -1213
1938 -1216
1932 -1219
1926 -1220
1920 -1221
1914 -1220
1908 -1219
1902 -1216
1894 -1213
1886 -1208
1876 -1203
1864 -1196
1850 -1189
1835 -1180
1816 -1171
1796 -1162
1773 -1151
1747 -1140
1718 -1128
1686 -1116
1651 -1104
1613 -1091
1573 -1077
1529 -1064
1482 -1050
1432 -1036
1380 -1022
1325 -1008
1267 -994
1206 -980
2620 -1014
2560 -1027
2502 -1040
2447 -1053
2394 -1065
2345 -1078
2298 -1091
2255 -1103
2214 -1116
2177 -1128
2142 -1139
2111 -1151
2082 -1161
2057 -1172
2034 -1181
2014 -1190
1997 -1199
1982 -1206
1969 -1213
1958 -1219
1949 -1224
1942 -1228
1935 -1232
1930 -1234
1925 -1236
1920 -1236
1915 -1236
1910 -1234
1905 -1232
1898 -1228
1891 -1224
1882 -1219
1871 -1213
1858 -1206
1843 -1199
1826 -1190
1806 -1181
1783 -1172
1758 -1161
1729 -1151
1698 -1139
1663 -1128
1626 -1116
1585 -1103
1542 -1091
1495 -1078
1446 -1065
1393 -1053
1338 -1040
1280 -1027
1220 -1014
2608 -1046
2547 -1058
2489 -1070
2434 -1081
2382 -1093
2333 -1105
2286 -1116
2243 -1128
2202 -1139
2165 -1150
2131 -1160
2100 -1171
2072 -1180
2047 -1190
2025 -1199
2006 -1207
1989 -1214
1975 -1221
1963 -1228
1953 -1233
1945 -1238
1938 -1242
1933 -1245
1928 -1247
1924 -1248
1920 -1248
1916 -1248
1912 -1247
1907 -1245
1902 -1242
1895 -1238
1887 -1233
1877 -1228
1865 -1221
1851 -1214
1834 -1207
1815 -1199
1793 -1190
1768 -1180
1740 -1171
1709 -1160
1675 -1150
1638 -1139
1597 -1128
1554 -1116
1507 -1105
1458 -1093
1406 -1081
1351 -1070
1293 -1058
1232 -1046
2597 -1077
2536 -1087
2478 -1098
2423 -1108
2371 -1119
2322 -1129
2275 -1140
2232 -1150
2192 -1160
2155 -1170
2121 -1179
2091 -1189
2063 -1197
2039 -1206
2017 -1214
1999 -1221
1983 -1228
1969 -1234
1958 -1240
1948 -1245
1941 -1249
1935 -1252
1930 -1255
1926 -1257
1923 -1258
1920 -1258
1917 -1258
1914 -1257
1910 -1255
1905 -1252
1899 -1249
1892 -1245
1882 -1240
1871 -1234
1857 -1228
1841 -1221
1823 -1214
1801 -1206
1777 -1197
1749 -1189
1719 -1179
1685 -1170
1648 -1160
1608 -1150
1565 -1140
1518 -1129
1469 -1119
1417 -1108
1362 -1098
1304 -1087
1243 -1077
2587 -1107
2526 -1116
2468 -1125
2413 -1134
2361 -1144
2312 -1153
2266 -1162
2223 -1171
2183 -1180
2146 -1188
2113 -1197
2082 -1205
2055 -1212
2031 -1220
2010 -1227
1992 -1233
1976 -1239
1963 -1245
1953 -1250
1944 -1254
1937 -1257
1932 -1260
1928 -1263
1925 -1265
1922 -1266
1920 -1266
1918 -1266
1915 -1265
1912 -1263
1908 -1260
1903 -1257
1896 -1254
1887 -1250
1877 -1245
1864 -1239
1848 -1233
1830 -1227
1809 -1220
1785 -1212
1758 -1205
1727 -1197
1694 -1188
1657 -1180
1617 -1171
1574 -1162
1528 -1153
1479 -1144
1427 -1134
1372 -1125
1314 -1116
1253 -1107
2579 -1135
2518 -1143
2460 -1151
2405 -1159
2352 -1167
2303 -1175
2257 -1182
2214 -1190
2175 -1198
2138 -1205
2105 -1212
2075 -1219
2048 -1226
2024 -1232
2004 -1238
1986 -1244
1971 -1249
1959 -1253
1949 -1258
1940 -1261
1934 -1264
1930 -1267
1926 -1269
1924 -1270
1922 -1271
1920 -1271
1918 -1271
1916 -1270
1914 -1269
1910 -1267
1906 -1264
1900 -1261
1891 -1258
1881 -1253
1869 -1249
1854 -1244
1836 -1238
1816 -1232
1792 -1226
1765 -1219
1735 -1212
1702 -1205
1665 -1198
1626 -1190
1583 -1182
1537 -1175
1488 -1167
1435 -1159
1380 -1151
1322 -1143
1261 -1135
2571 -1163
2511 -1169
2453 -1176
2397 -1182
2345 -1189
2296 -1195
2250 -1202
2207 -1208
2168 -1214
2131 -1221
2098 -1226
2069 -1232
2042 -1238
2019 -1243
1999 -1248
1981 -1252
1967 -1257
1955 -1261
1945 -1264
1937 -1267
1932 -1270
1927 -1272
1924 -1273
1922 -1274
1921 -1275
1920 -1275
1919 -1275
1918 -1274
1916 -1273
1913 -1272
1908 -1270
1903 -1267
1895 -1264
1885 -1261
1873 -1257
1859 -1252
1841 -1248
1821 -1243
1798 -1238
1771 -1232
1742 -1226
1709 -1221
1672 -1214
1633 -1208
1590 -1202
1544 -1195
1495 -1189
1443 -1182
1387 -1176
1329 -1169
1269 -1163
2566 -1190
2505 -1195
2447 -1200
2392 -1205
2339 -1210
2290 -1215
2244 -1220
2202 -1225
2162 -1230
2126 -1235
2093 -1240
2064 -1244
2037 -1248
2014 -1253
1994 -1256
1977 -1260
1963 -1263
1951 -1266
1942 -1269
1935 -1271
1930 -1273
1926 -1275
1923 -1276
1922 -1277
1921 -1278
1920 -1278
1919 -1278
1918 -1277
1917 -1276
1914 -1275
1910 -1273
1905 -1271
1898 -1269
1889 -1266
1877 -1263
1863 -1260
1846 -1256
1826 -1253
1803 -1248
1776 -1244
1747 -1240
1714 -1235
1678 -1230
1638 -1225
1596 -1220
1550 -1215
1501 -1210
1448 -1205
1393 -1200
1335 -1195
1274 -1190
2561 -1216
2500 -1220
2442 -1223
2387 -1227
2335 -1231
2286 -1234
2240 -1238
2197 -1241
2158 -1245
2122 -1248
2089 -1252
2060 -1255
2034 -1258
2011 -1261
1991 -1264
1974 -1266
1960 -1269
1949 -1271
1940 -1273
1933 -1275
1928 -1276
1925 -1277
1922 -1278
1921 -1279
1920 -1279
1920 -1279
1920 -1279
1919 -1279
1918 -1278
1915 -1277
1912 -1276
1907 -1275
1900 -1273
1891 -1271
1880 -1269
1866 -1266
1849 -1264
1829 -1261
1806 -1258
1780 -1255
1751 -1252
1718 -1248
1682 -1245
1643 -1241
1600 -1238
1554 -1234
1505 -1231
1453 -1227
1398 -1223
1340 -1220
1279 -1216
2558 -1242
2497 -1244
2439 -1246
2384 -1248
2332 -1251
2283 -1253
2237 -1255
2195 -1257
2155 -1259
2119 -1261
2087 -1263
2057 -1265
2031 -1267
2009 -1269
1989 -1271
1972 -1272
1958 -1274
1947 -1275
1938 -1276
1932 -1277
1927 -1278
1924 -1279
1922 -1279
1921 -1280
1920 -1280
1920 -1280
1920 -1280
1919 -1280
1918 -1279
1916 -1279
1913 -1278
1908 -1277
1902 -1276
1893 -1275
1882 -1274
1868 -1272
1851 -1271
1831 -1269
1809 -1267
1783 -1265
1753 -1263
1721 -1261
1685 -1259
1645 -1257
1603 -1255
1557 -1253
1508 -1251
1456 -1248
1401 -1246
1343 -1244
1282 -1242
2557 -1267
2496 -1268
2438 -1269
2383 -1269
2331 -1270
2282 -1271
2236 -1272
2193 -1272
2154 -1273
2118 -1274
2085 -1274
2056 -1275
2030 -1276
2007 -1276
1988 -1277
1971 -1277
1958 -1278
1946 -1278
1938 -1279
1931 -1279
1926 -1279
1923 -1280
1921 -1280
1920 -1280
1920 -1280
1920 -1280
1920 -1280
1920 -1280
1919 -1280
1917 -1280
1914 -1279
1909 -1279
1902 -1279
1894 -1278
1882 -1278
1869 -1277
1852 -1277
1833 -1276
1810 -1276
1784 -1275
1755 -1274
1722 -1274
1686 -1273
1647 -1272
1604 -1272
1558 -1271
1509 -1270
1457 -1269
1402 -1269
1344 -1268
1283 -1267
2557 -1293
2496 -1292
2438 -1291
2383 -1291
2331 -1290
2282 -1289
2236 -1288
2193 -1288
2154 -1287
2118 -1286
2085 -1286
2056 -1285
2030 -1284
2007 -1284
1988 -1283
1971 -1283
1958 -1282
1946 -1282
1938 -1281
1931 -1281
1926 -1281
1923 -1280
1921 -1280
1920 -1280
1920 -1280
1920 -1280
1920 -1280
1920 -1280
1919 -1280
1917 -1280
1914 -1281
1909 -1281
1902 -1281
1894 -1282
1882 -1282
1869 -1283
1852 -1283
1833 -1284
1810 -1284
1784 -1285
1755 -1286
1722 -1286
1686 -1287
1647 -1288
1604 -1288
1558 -1289
1509 -1290
1457 -1291
1402 -1291
1344 -1292
1283 -1293
2558 -1318
2497 -1316
2439 -1314
2384 -1312
2332 -1309
2283 -1307
2237 -1305
2195 -1303
2155 -1301
2119 -1299
2087 -1297
2057 -1295
2031 -1293
2009 -1291
1989 -1289
1972 -1288
1958 -1286
1947 -1285
1938 -1284
1932 -1283
1927 -1282
1924 -1281
1922 -1281
1921 -1280
1920 -1280
1920 -1280
1920 -1280
1919 -1280
1918 -1281
1916 -1281
1913 -1282
1908 -1283
1902 -1284
1893 -1285
1882 -1286
1868 -1288
1851 -1289
1831 -1291
1809 -1293
1783 -1295
1753 -1297
1721 -1299
1685 -1301
1645 -1303
1603 -1305
1557 -1307
1508 -1309
1456 -1312
1401 -1314
1343 -1316
1282 -1318
2561 -1344
2500 -1340
2442 -1337
2387 -1333
2335 -1329
2286 -1326
2240 -1322
2197 -1319
2158 -1315
2122 -1312
2089 -1308
2060 -1305
2034 -1302
2011 -1299
1991 -1296
1974 -1294
1960 -1291
1949 -1289
1940 -1287
1933 -1285
1928 -1284
1925 -1283
1922 -1282
1921 -1281
1920 -1281
1920 -1281
1920 -1281
1919 -1281
1918 -1282
1915 -1283
1912 -1284
1907 -1285
1900 -1287
1891 -1289
1880 -1291
1866 -1294
1849 -1296
1829 -1299
1806 -1302
1780 -1305
1751 -1308
1718 -1312
1682 -1315
1643 -1319
1600 -1322
1554 -1326
1505 -1329
1453 -1333
1398 -1337
1340 -1340
1279 -1344
2566 -1370
2505 -1365
2447 -1360
2392 -1355
2339 -1350
2290 -1345
2244 -1340
2202 -1335
2162 -1330
2126 -1325
2093 -1320
2064 -1316
2037 -1312
2014 -1307
1994 -1304
1977 -1300
1963 -1297
1951 -1294
1942 -1291
1935 -1289
1930 -1287
1926 -1285
1923 -1284
1922 -1283
1921 -1282
1920 -1282
1919 -1282
1918 -1283
1917 -1284
1914 -1285
1910 -1287
1905 -1289
1898 -1291
1889 -1294
1877 -1297
1863 -1300
1846 -1304
1826 -1307
1803 -1312
1776 -1316
1747 -1320
1714 -1325
1678 -1330
1638 -1335
1596 -1340
1550 -1345
1501 -1350
1448 -1355
1393 -1360
1335 -1365
1274 -1370
2571 -1397
2511 -1391
2453 -1384
2397 -1378
2345 -1371
2296 -1365
2250 -1358
2207 -1352
2168 -1346
2131 -1339
2098 -1334
2069 -1328
2042 -1322
2019 -1317
1999 -1312
1981 -1308
1967 -1303
1955 -1299
1945 -1296
1937 -1293
1932 -1290
1927 -1288
1924 -1287
1922 -1286
1921 -1285
1920 -1285
1919 -1285
1918 -1286
1916 -1287
1913 -1288
1908 -1290
1903 -1293
1895 -1296
1885 -1299
1873 -1303
1859 -1308
1841 -1312
1821 -1317
1798 -1322
1771 -1328
1742 -1334
1709 -1339
1672 -1346
1633 -1352
1590 -1358
1544 -1365
1495 -1371
1443 -1378
1387 -1384
1329 -1391
1269 -1397
2579 -1425
2518 -1417
2460 -1409
2405 -1401
2352 -1393
2303 -1385
2257 -1378
2214 -1370
2175 -1362
2138 -1355
2105 -1348
2075 -1341
2048 -1334
2024 -1328
2004 -1322
1986 -1316
1971 -1311
1959 -1307
1949 -1302
1940 -1299
1934 -1296
1930 -1293
1926 -1291
1924 -1290
1922 -1289
1920 -1289
1918 -1289
1916 -1290
1914 -1291
1910 -1293
1906 -1296
1900 -1299
1891 -1302
1881 -1307
1869 -1311
1854 -1316
1836 -1322
1816 -1328
1792 -1334
1765 -1341
1735 -1348
1702 -1355
1665 -1362
1626 -1370
1583 -1378
1537 -1385
1488 -1393
1435 -1401
1380 -1409
1322 -1417
1261 -1425
2587 -1453
2526 -1444
2468 -1435
2413 -1426
2361 -1416
2312 -1407
2266 -1398
2223 -1389
2183 -1380
2146 -1372
2113 -1363
2082 -1355
2055 -1348
2031 -1340
2010 -1333
1992 -1327
1976 -1321
1963 -1315
1953 -1310
1944 -1306
1937 -1303
1932 -1300
1928 -1297
1925 -1295
1922 -1294
1920 -1294
1918 -1294
1915 -1295
1912 -1297
1908 -1300
1903 -1303
1896 -1306
1887 -1310
1877 -1315
1864 -1321
1848 -1327
1830 -1333
1809 -1340
1785 -1348
1758 -1355
1727 -1363
1694 -1372
1657 -1380
1617 -1389
1574 -1398
1528 -1407
1479 -1416
1427 -1426
1372 -1435
1314 -1444
1253 -1453
2597 -1483
2536 -1473
2478 -1462
2423 -1452
2371 -1441
2322 -1431
2275 -1420
2232 -1410
2192 -1400
2155 -1390
2121 -1381
2091 -1371
2063 -1363
2039 -1354
2017 -1346
1999 -1339
1983 -1332
1969 -1326
1958 -1320
1948 -1315
1941 -1311
1935 -1308
1930 -1305
1926 -1303
1923 -1302
1920 -1302
1917 -1302
1914 -1303
1910 -1305
1905 -1308
1899 -1311
1892 -1315
1882 -1320
1871 -1326
1857 -1332
1841 -1339
1823 -1346
1801 -1354
1777 -1363
1749 -1371
1719 -1381
1685 -1390
1648 -1400
1608 -1410
1565 -1420
1518 -1431
1469 -1441
1417 -1452
1362 -1462
1304 -1473
1243 -1483
2608 -1514
2547 -1502
2489 -1490
2434 -1479
2382 -1467
2333 -1455
2286 -1444
2243 -1432
2202 -1421
2165 -1410
2131 -1400
2100 -1389
2072 -1380
2047 -1370
2025 -1361
2006 -1353
1989 -1346
1975 -1339
1963 -1332
1953 -1327
1945 -1322
1938 -1318
1933 -1315
1928 -1313
1924 -1312
1920 -1312
1916 -1312
1912 -1313
1907 -1315
1902 -1318
1895 -1322
1887 -1327
1877 -1332
1865 -1339
1851 -1346
1834 -1353
1815 -1361
1793 -1370
1768 -1380
1740 -1389
1709 -1400
1675 -1410
1638 -1421
1597 -1432
1554 -1444
1507 -1455
1458 -1467
1406 -1479
1351 -1490
1293 -1502
1232 -1514
2620 -1546
2560 -1533
2502 -1520
2447 -1507
2394 -1495
2345 -1482
2298 -1469
2255 -1457
2214 -1444
2177 -1432
2142 -1421
2111 -1409
2082 -1399
2057 -1388
2034 -1379
2014 -1370
1997 -1361
1982 -1354
1969 -1347
1958 -1341
1949 -1336
1942 -1332
1935 -1328
1930 -1326
1925 -1324
1920 -1324
1915 -1324
1910 -1326
1905 -1328
1898 -1332
1891 -1336
1882 -1341
1871 -1347
1858 -1354
1843 -1361
1826 -1370
1806 -1379
1783 -1388
1758 -1399
1729 -1409
1698 -1421
1663 -1432
1626 -1444
1585 -1457
1542 -1469
1495 -1482
1446 -1495
1393 -1507
1338 -1520
1280 -1533
1220 -1546
2634 -1580
2573 -1566
2515 -1552
2460 -1538
2408 -1524
2358 -1510
2311 -1496
2267 -1483
2227 -1469
2189 -1456
2154 -1444
2122 -1432
2093 -1420
2067 -1409
2044 -1398
2024 -1389
2005 -1380
1990 -1371
1976 -1364
1964 -1357
1954 -1352
1946 -1347
1938 -1344
1932 -1341
1926 -1340
1920 -1339
1914 -1340
1908 -1341
1902 -1344
1894 -1347
1886 -1352
1876 -1357
1864 -1364
1850 -1371
1835 -1380
1816 -1389
1796 -1398
1773 -1409
1747 -1420
1718 -1432
1686 -1444
1651 -1456
1613 -1469
1573 -1483
1529 -1496
1482 -1510
1432 -1524
1380 -1538
1325 -1552
1267 -1566
1206 -1580
2648 -1615
2588 -1600
2530 -1585
2475 -1570
2422 -1555
2372 -1540
2325 -1525
2281 -1511
2240 -1497
2202 -1483
2167 -1469
2135 -1456
2105 -1444
2079 -1432
2055 -1421
2033 -1410
2014 -1401
1998 -1392
1983 -1384
1971 -1377
1960 -1371
1950 -1366
1941 -1362
1934 -1359
1927 -1358
1920 -1357
1913 -1358
1906 -1359
1899 -1362
1890 -1366
1880 -1371
1869 -1377
1857 -1384
1842 -1392
1826 -1401
1807 -1410
1785 -1421
1761 -1432
1735 -1444
1705 -1456
1673 -1469
1638 -1483
1600 -1497
1559 -1511
1515 -1525
1468 -1540
1418 -1555
1365 -1570
1310 -1585
1252 -1600
1192 -1615
2664 -1652
2603 -1636
2545 -1620
2490 -1604
2437 -1588
2387 -1572
2340 -1557
2296 -1541
2255 -1526
2216 -1511
2181 -1497
2148 -1483
2118 -1470
2090 -1458
2066 -1446
2044 -1435
2024 -1424
2006 -1415
1991 -1407
1977 -1399
1965 -1393
1954 -1388
1945 -1384
1936 -1381
1928 -1379
1920 -1378
1912 -1379
1904 -1381
1895 -1384
1886 -1388
1875 -1393
1863 -1399
1849 -1407
1834 -1415
1816 -1424
1796 -1435
1774 -1446
1750 -1458
1722 -1470
1692 -1483
1659 -1497
1624 -1511
1585 -1526
1544 -1541
1500 -1557
1453 -1572
1403 -1588
1350 -1604
1295 -1620
1237 -1636
1176 -1652
2680 -1691
2620 -1674
2562 -1657
2506 -1640
2454 -1623
2404 -1606
2356 -1590
2312 -1574
2270 -1558
2231 -1543
2195 -1528
2162 -1513
2131 -1499
2103 -1486
2078 -1473
2055 -1462
2034 -1451
2015 -1441
1999 -1432
1984 -1425
1971 -1418
1959 -1412
1948 -1408
1939 -1405
1929 -1403
1920 -1403
1911 -1403
1901 -1405
1892 -1408
1881 -1412
1869 -1418
1856 -1425
1841 -1432
1825 -1441
1806 -1451
1785 -1462
1762 -1473
1737 -1486
1709 -1499
1678 -1513
1645 -1528
1609 -1543
1570 -1558
1528 -1574
1484 -1590
1436 -1606
1386 -1623
1334 -1640
1278 -1657
1220 -1674
1160 -1691
2698 -1731
2637 -1713
2579 -1695
2524 -1678
2471 -1660
2421 -1643
2373 -1626
2328 -1609
2286 -1592
2247 -1576
2210 -1560
2176 -1545
2145 -1531
2116 -1517
2090 -1504
2066 -1492
2045 -1481
2025 -1470
2007 -1461
1992 -1453
1977 -1446
1964 -1440
1952 -1436
1941 -1433
1930 -1431
1920 -1430
1910 -1431
1899 -1433
1888 -1436
1876 -1440
1863 -1446
1848 -1453
1833 -1461
1815 -1470
1795 -1481
1774 -1492
1750 -1504
1724 -1517
1695 -1531
1664 -1545
1630 -1560
1593 -1576
1554 -1592
1512 -1609
1467 -1626
1419 -1643
1369 -1660
1316 -1678
1261 -1695
1203 -1713
1142 -1731
2716 -1773
2655 -1755
2597 -1736
2542 -1718
2489 -1700
2438 -1682
2390 -1664
2345 -1646
2303 -1629
2263 -1612
2226 -1596
2191 -1580
2159 -1565
2130 -1551
2103 -1538
2078 -1525
2055 -1513
2035 -1503
2016 -1493
1999 -1485
1984 -1478
1969 -1472
1956 -1467
1944 -1464
1932 -1462
1920 -1461
1908 -1462
1896 -1464
1884 -1467
1871 -1472
1856 -1478
1841 -1485
1824 -1493
1805 -1503
1785 -1513
1762 -1525
1737 -1538
1710 -1551
1681 -1565
1649 -1580
1614 -1596
1577 -1612
1537 -1629
1495 -1646
1450 -1664
1402 -1682
1351 -1700
1298 -1718
1243 -1736
1185 -1755
1124 -1773
2734 -1818
2674 -1798
2616 -1779
2560 -1760
2507 -1741
2456 -1723
2408 -1704
2363 -1686
2320 -1668
2280 -1651
2242 -1634
2207 -1618
2174 -1603
2144 -1588
2116 -1574
2090 -1561
2067 -1549
2045 -1538
2025 -1528
2007 -1520
1990 -1512
1975 -1506
1960 -1501
1946 -1498
1933 -1496
1920 -1495
1907 -1496
1894 -1498
1880 -1501
1865 -1506
1850 -1512
1833 -1520
1815 -1528
1795 -1538
1773 -1549
1750 -1561
1724 -1574
1696 -1588
1666 -1603
1633 -1618
1598 -1634
1560 -1651
1520 -1668
1477 -1686
1432 -1704
1384 -1723
1333 -1741
1280 -1760
1224 -1779
1166 -1798
1106 -1818
2754 -1864
2693 -1844
2635 -1824
2580 -1805
2526 -1785
2475 -1766
2427 -1747
2381 -1728
2338 -1710
2297 -1692
2259 -1675
2223 -1659
2189 -1643
2158 -1628
2130 -1613
2103 -1600
2078 -1588
2056 -1577
2035 -1567
2015 -1558
1997 -1550
1980 -1544
1964 -1539
1949 -1536
1934 -1534
1920 -1533
1906 -1534
1891 -1536
1876 -1539
1860 -1544
1843 -1550
1825 -1558
1805 -1567
1784 -1577
1762 -1588
1737 -1600
1710 -1613
1682 -1628
1651 -1643
1617 -1659
1581 -1675
1543 -1692
1502 -1710
1459 -1728
1413 -1747
1365 -1766
1314 -1785
1260 -1805
1205 -1824
1147 -1844
1086 -1864
2774 -1912
2714 -1892
2655 -1871
2599 -1851
2546 -1831
2495 -1812
2446 -1792
2400 -1773
2356 -1754
2315 -1736
2276 -1719
2239 -1702
2205 -1686
2173 -1670
2143 -1656
2116 -1642
2090 -1630
2066 -1619
2044 -1608
2024 -1599
2004 -1592
1986 -1585
1969 -1580
1952 -1577
1936 -1575
1920 -1574
1904 -1575
1888 -1577
1871 -1580
1854 -1585
1836 -1592
1816 -1599
1796 -1608
1774 -1619
1750 -1630
1724 -1642
1697 -1656
1667 -1670
1635 -1686
1601 -1702
1564 -1719
1525 -1736
1484 -1754
1440 -1773
1394 -1792
1345 -1812
1294 -1831
1241 -1851
1185 -1871
1126 -1892
1066 -1912
2795 -1962
2734 -1941
2676 -1921
2620 -1900
2566 -1880
2514 -1860
2465 -1840
2419 -1820
2375 -1801
2333 -1783
2293 -1765
2256 -1748
2221 -1732
2188 -1716
2158 -1701
2129 -1688
2102 -1675
2077 -1663
2054 -1653
2032 -1644
2011 -1636
1992 -1630
1973 -1625
1955 -1621
1937 -1619
1920 -1618
1903 -1619
1885 -1621
1867 -1625
1848 -1630
1829 -1636
1808 -1644
1786 -1653
1763 -1663
1738 -1675
1711 -1688
1682 -1701
1652 -1716
1619 -1732
1584 -1748
1547 -1765
1507 -1783
1465 -1801
1421 -1820
1375 -1840
1326 -1860
1274 -1880
1220 -1900
1164 -1921
1106 -1941
1045 -1962
2816 -2015
2755 -1993
2697 -1972
2640 -1951
2586 -1930
2535 -1910
2485 -1890
2438 -1870
2393 -1851
2351 -1832
2311 -1814
2273 -1797
2237 -1780
2203 -1764
2172 -1749
2142 -1736
2114 -1723
2088 -1711
2064 -1701
2040 -1692
2018 -1684
1998 -1677
1977 -1672
1958 -1668
1939 -1666
1920 -1666
1901 -1666
1882 -1668
1863 -1672
1842 -1677
1822 -1684
1800 -1692
1776 -1701
1752 -1711
1726 -1723
1698 -1736
1668 -1749
1637 -1764
1603 -1780
1567 -1797
1529 -1814
1489 -1832
1447 -1851
1402 -1870
1355 -1890
1305 -1910
1254 -1930
1200 -1951
1143 -1972
1085 -1993
1024 -2015
2837 -2069
2776 -2047
2718 -2026
2661 -2004
2607 -1983
2555 -1963
2505 -1942
2458 -1922
2413 -1903
2369 -1884
2329 -1866
2290 -1848
2253 -1831
2219 -1816
2186 -1801
2156 -1787
2127 -1774
2099 -1762
2074 -1752
2049 -1742
2026 -1734
2003 -1728
1982 -1723
1961 -1719
1940 -1717
1920 -1716
1900 -1717
1879 -1719
1858 -1723
1837 -1728
1814 -1734
1791 -1742
1766 -1752
1741 -1762
1713 -1774
1684 -1787
1654 -1801
1621 -1816
1587 -1831
1550 -1848
1511 -1866
1471 -1884
1427 -1903
1382 -1922
1335 -1942
1285 -1963
1233 -1983
1179 -2004
1122 -2026
1064 -2047
1003 -2069
2859 -2125
2798 -2103
2739 -2082
2683 -2060
2628 -2039
2576 -2018
2526 -1997
2478 -1977
2432 -1957
2388 -1938
2347 -1920
2307 -1902
2270 -1885
2234 -1869
2201 -1854
2169 -1840
2139 -1828
2110 -1816
2083 -1805
2058 -1796
2033 -1788
2009 -1782
1986 -1776
1964 -1773
1942 -1770
1920 -1770
1898 -1770
1876 -1773
1854 -1776
1831 -1782
1807 -1788
1782 -1796
1757 -1805
1730 -1816
1701 -1828
1671 -1840
1639 -1854
1606 -1869
1570 -1885
1533 -1902
1493 -1920
1452 -1938
1408 -1957
1362 -1977
1314 -1997
1264 -2018
1212 -2039
1157 -2060
1101 -2082
1042 -2103
981 -2125
2881 -2183
2820 -2161
2761 -2139
2704 -2118
2649 -2096
2597 -2075
2546 -2054
2498 -2034
2451 -2014
2407 -1995
2365 -1977
2324 -1959
2286 -1942
2250 -1926
2215 -1911
2183 -1897
2151 -1884
2122 -1872
2093 -1862
2066 -1853
2040 -1845
2015 -1838
1991 -1833
1967 -1829
1943 -1827
1920 -1826
1897 -1827
1873 -1829
1849 -1833
1825 -1838
1800 -1845
1774 -1853
1747 -1862
1718 -1872
1689 -1884
1657 -1897
1625 -1911
1590 -1926
1554 -1942
1516 -1959
1475 -1977
1433 -1995
1389 -2014
1342 -2034
1294 -2054
1243 -2075
1191 -2096
1136 -2118
1079 -2139
1020 -2161
959 -2183
2903 -2244
2842 -2221
2783 -2199
2726 -2177
2671 -2156
2618 -2135
2567 -2114
2518 -2093
2471 -2074
2426 -2054
2383 -2036
2342 -2018
2303 -2001
2265 -1985
2230 -1970
2196 -1956
2164 -1943
2133 -1932
2103 -1921
2075 -1912
2047 -1904
2021 -1898
1995 -1892
1970 -1889
1945 -1887
1920 -1886
1895 -1887
1870 -1889
1845 -1892
1819 -1898
1793 -1904
1765 -1912
1737 -1921
1707 -1932
1676 -1943
1644 -1956
1610 -1970
1575 -1985
1537 -2001
1498 -2018
1457 -2036
1414 -2054
1369 -2074
1322 -2093
1273 -2114
1222 -2135
1169 -2156
1114 -2177
1057 -2199
998 -2221
937 -2244
2926 -2306
2865 -2284
2805 -2261
2748 -2239
2692 -2218
2639 -2196
2587 -2175
2538 -2155
2490 -2135
2445 -2116
2401 -2098
2359 -2080
2319 -2063
2281 -2047
2244 -2032
2209 -2018
2176 -2005
2144 -1994
2113 -1983
2083 -1974
2055 -1966
2027 -1960
1999 -1955
1973 -1951
1946 -1949
1920 -1948
1894 -1949
1867 -1951
1841 -1955
1813 -1960
1785 -1966
1757 -1974
1727 -1983
1696 -1994
1664 -2005
1631 -2018
1596 -2032
1559 -2047
1521 -2063
1481 -2080
1439 -2098
1395 -2116
1350 -2135
1302 -2155
1253 -2175
1201 -2196
1148 -2218
1092 -2239
1035 -2261
975 -2284
914 -2306
2949 -2370
2887 -2348
2827 -2325
2770 -2303
2714 -2282
2660 -2260
2608 -2239
2558 -2219
2510 -2199
2463 -2180
2419 -2162
2376 -2144
2336 -2127
2296 -2111
2259 -2096
2223 -2082
2188 -2070
2155 -2058
2123 -2048
2092 -2039
2062 -2031
2032 -2024
2004 -2019
1976 -2016
1948 -2014
1920 -2013
1892 -2014
1864 -2016
1836 -2019
1808 -2024
1778 -2031
1748 -2039
1717 -2048
1685 -2058
1652 -2070
1617 -2082
1581 -2096
1544 -2111
1504 -2127
1464 -2144
1421 -2162
1377 -2180
1330 -2199
1282 -2219
1232 -2239
1180 -2260
1126 -2282
1070 -2303
1013 -2325
953 -2348
891 -2370
2971 -2436
2909 -2414
2850 -2391
2791 -2369
2735 -2348
2681 -2326
2628 -2305
2578 -2285
2529 -2265
2482 -2246
2437 -2228
2394 -2210
2352 -2194
2312 -2178
2273 -2163
2236 -2149
2200 -2137
2166 -2125
2133 -2115
2100 -2106
2069 -2098
2038 -2092
2008 -2087
1978 -2083
1949 -2081
1920 -2080
1891 -2081
1862 -2083
1832 -2087
1802 -2092
1771 -2098
1740 -2106
1707 -2115
1674 -2125
1640 -2137
1604 -2149
1567 -2163
1528 -2178
1488 -2194
1446 -2210
1403 -2228
1358 -2246
1311 -2265
1262 -2285
1212 -2305
1159 -2326
1105 -2348
1049 -2369
990 -2391
931 -2414
869 -2436
2994 -2504
2932 -2482
2872 -2459
2813 -2437
2757 -2416
2702 -2394
2649 -2374
2598 -2353
2548 -2334
2501 -2315
2455 -2296
2411 -2279
2368 -2262
2327 -2247
2287 -2232
2249 -2218
2212 -2206
2177 -2194
2142 -2184
2109 -2175
2076 -2168
2044 -2161
2012 -2157
1981 -2153
1951 -2151
1920 -2150
1889 -2151
1859 -2153
1828 -2157
1796 -2161
1764 -2168
1732 -2175
1698 -2184
1663 -2194
1628 -2206
1591 -2218
1553 -2232
1513 -2247
1472 -2262
1429 -2279
1385 -2296
1339 -2315
1292 -2334
1242 -2353
1191 -2374
1138 -2394
1083 -2416
1027 -2437
968 -2459
908 -2482
846 -2504
3017 -2574
2954 -2552
2894 -2529
2835 -2507
2778 -2486
2723 -2464
2670 -2444
2618 -2424
2568 -2404
2519 -2385
2473 -2367
2428 -2350
2384 -2333
2342 -2318
2302 -2303
2262 -2290
2224 -2277
2187 -2266
2152 -2256
2117 -2247
2083 -2240
2049 -2234
2016 -2229
1984 -2225
1952 -2223
1920 -2222
1888 -2223
1856 -2225
1824 -2229
1791 -2234
1757 -2240
1723 -2247
1688 -2256
1653 -2266
1616 -2277
1578 -2290
1538 -2303
1498 -2318
1456 -2333
1412 -2350
1367 -2367
1321 -2385
1272 -2404
1222 -2424
1170 -2444
1117 -2464
1062 -2486
1005 -2507
946 -2529
886 -2552
823 -2574
3039 -2646
2977 -2623
2916 -2601
2857 -2579
2800 -2557
2744 -2536
2690 -2516
2638 -2496
2587 -2476
2538 -2458
2490 -2440
2445 -2423
2400 -2406
2357 -2391
2316 -2377
2275 -2363
2236 -2351
2198 -2340
2161 -2330
2125 -2321
2089 -2314
2055 -2308
2021 -2303
1987 -2300
1953 -2297
1920 -2297
1887 -2297
1853 -2300
1819 -2303
1785 -2308
1751 -2314
1715 -2321
1679 -2330
1642 -2340
1604 -2351
1565 -2363
1524 -2377
1483 -2391
1440 -2406
1395 -2423
1350 -2440
1302 -2458
1253 -2476
1202 -2496
1150 -2516
1096 -2536
1040 -2557
983 -2579
924 -2601
863 -2623
801 -2646
3062 -2719
2999 -2697
2938 -2674
2879 -2653
2821 -2631
2765 -2610
2710 -2590
2657 -2570
2606 -2551
2556 -2532
2508 -2515
2461 -2498
2416 -2481
2372 -2466
2329 -2452
2288 -2439
2248 -2427
2208 -2416
2170 -2406
2133 -2397
2096 -2390
2060 -2384
2025 -2379
1990 -2376
1955 -2374
1920 -2373
1885 -2374
1850 -2376
1815 -2379
1780 -2384
1744 -2390
1707 -2397
1670 -2406
1632 -2416
1592 -2427
1552 -2439
1511 -2452
1468 -2466
1424 -2481
1379 -2498
1332 -2515
1284 -2532
1234 -2551
1183 -2570
1130 -2590
1075 -2610
1019 -2631
961 -2653
902 -2674
841 -2697
778 -2719
3085 -2794
3022 -2772
2960 -2750
2900 -2728
2842 -2707
2785 -2686
2730 -2666
2677 -2646
2625 -2627
2574 -2609
2525 -2591
2478 -2574
2431 -2558
2387 -2544
2343 -2529
2300 -2516
2259 -2505
2219 -2494
2179 -2484
2141 -2476
2103 -2468
2066 -2463
2029 -2458
1992 -2455
1956 -2453
1920 -2452
1884 -2453
1848 -2455
1811 -2458
1774 -2463
1737 -2468
1699 -2476
1661 -2484
1621 -2494
1581 -2505
1540 -2516
1497 -2529
1453 -2544
1409 -2558
1362 -2574
1315 -2591
1266 -2609
1215 -2627
1163 -2646
1110 -2666
1055 -2686
998 -2707
940 -2728
880 -2750
818 -2772
755 -2794
