0
2
4
6
8
10
12
14
16
18
20
22
24
26
28
30
32
34
36
38
40
42
44
46
48
50
52
54
56
58
60
62
64
66
68
70
72
74
76
78
80
82
84
86
88
90
92
94
96
98
100
102
104
106
108
110
112
114
116
118
120
122
124
126
128
130
132
134
136
138
140
142
144
146
148
150
152
154
156
158
160
162
164
166
168
170
172
174
176
178
180
182
184
186
188
190
192
194
196
198
200
202
204
206
208
210
212
214
216
218
220
222
224
226
228
230
232
234
236
238
240
242
244
246
248
250
252
254
256
264
272
280
288
296
304
312
320
328
336
344
352
360
368
376
384
392
400
408
416
424
432
440
448
456
464
472
480
488
496
504
512
520
528
536
544
552
560
568
576
584
592
600
608
616
624
632
640
648
656
664
672
680
688
696
704
712
720
728
736
744
752
760
768
776
784
792
800
808
816
824
832
840
848
856
864
872
880
888
896
904
912
920
928
936
944
952
960
968
976
984
992
1000
1008
1016
1024
1032
1040
1048
1056
1064
1072
1080
1088
1096
1104
1112
1120
1128
1136
1144
1152
1160
1168
1176
1184
1192
1200
1208
1216
1224
1232
1240
1248
1256
1264
1272
1280
1288
1296
1304
1312
1320
1328
1336
1344
1352
1360
1368
1376
1384
1392
1400
1408
1416
1424
1432
1440
1448
1456
1464
1472
1480
1488
1496
1504
1512
1520
1528
1536
1544
1552
1560
1568
1576
1584
1592
1600
1608
1616
1624
1632
1640
1648
1656
1664
1672
1680
1688
1696
1704
1712
1720
1728
1736
1744
1752
1760
1768
1776
1784
1792
1800
1808
1816
1824
1832
1840
1848
1856
1864
1872
1880
1888
1896
1904
1912
1920
1928
1936
1944
1952
1960
1968
1976
1984
1992
2000
2008
2016
2024
2032
2040
2048
2056
2064
2072
2080
2088
2096
2104
2112
2120
2128
2136
2144
2152
2160
2168
2176
2184
2191
2199
2207
2215
2223
2231
2239
2247
2255
2263
2271
2279
2287
2295
2303
2311
2319
2327
2335
2343
2351
2359
2367
2375
2383
2391
2399
2407
2415
2423
2431
2439
2447
2455
2463
2471
2479
2487
2495
2503
2511
2519
2527
2535
2543
2551
2559
2567
2575
2583
2591
2599
2607
2615
2623
2631
2639
2647
2655
2663
2671
2679
2687
2695
2703
2711
2719
2727
2735
2743
2751
2759
2767
2775
2783
2791
2799
2807
2815
2823
2831
2839
2847
2855
2863
2871
2879
2887
2895
2903
2911
2919
2927
2935
2943
2951
2959
2967
2975
2983
2991
2999
3007
3015
3023
3031
3039
3047
3055
3063
3071
3079
3087
3095
3103
3111
3119
3127
3135
3143
3151
3159
3167
3175
3183
3191
3199
3207
3215
3223
3231
3239
3247
3255
3263
3271
3279
3287
3295
3303
3311
3319
3327
3335
3343
3351
3359
3367
3375
3383
3391
3399
3407
3415
3423
3431
3439
3447
3455
3463
3471
3479
3487
3495
3503
3511
3519
3527
3535
3543
3551
3559
3567
3575
3583
3591
3599
3607
3615
3623
3631
3639
3647
3655
3663
3671
3679
3687
3695
3703
3711
3719
3727
3735
3743
3751
3759
3767
3775
3783
3791
3799
3807
3815
3823
3831
3839
3847
3855
3863
3871
3879
3887
3895
3903
3911
3919
3927
3935
3943
3951
3959
3967
3975
3983
3991
3999
4007
4015
4023
4031
4039
4047
4055
4063
4071
4079
4087
4095
4095
4095
4095
4095
4095
4095
4095
4095
4095
4095
4095
4095
4095
4095
4095
4095
4095
4095
4095
4095
4095
4095
4095
4095
4095
4095
4095
4095
4095
4095